-0.999762 -0.000000 -0.021799 1.151730
 -0.000000 1.000000 0.000000 1.300000
 0.021799 0.000000 -0.999762 0.908955
 
-0.999743 -0.000370 -0.022683 1.152270
 -0.000374 1.000000 0.000140 1.296440
 0.022683 0.000148 -0.999743 0.907184
 
-0.999769 -0.001087 -0.021466 1.154170
 -0.000999 0.999991 -0.004134 1.302510
 0.021471 -0.004112 -0.999761 0.907183
 
-0.999817 -0.000168 -0.019145 1.154830
 -0.000131 0.999998 -0.001923 1.301130
 0.019145 -0.001920 -0.999815 0.908339
 
-0.999855 0.002003 -0.016915 1.152600
 0.002001 0.999998 0.000097 1.294970
 0.016915 0.000063 -0.999857 0.905356
 
-0.999890 0.000969 -0.014806 1.149660
 0.001045 0.999986 -0.005122 1.305120
 0.014801 -0.005137 -0.999877 0.906312
 
-0.999879 0.000046 -0.015572 1.149530
 0.000153 0.999976 -0.006904 1.315200
 0.015571 -0.006905 -0.999855 0.909446
 
-0.999846 0.000267 -0.017553 1.151840
 0.000308 0.999997 -0.002338 1.313300
 0.017552 -0.002343 -0.999843 0.910303
 
-0.999833 0.002675 -0.018075 1.152840
 0.002671 0.999996 0.000273 1.309400
 0.018076 0.000224 -0.999837 0.907285
 
-0.999833 0.003028 -0.018011 1.154860
 0.003070 0.999993 -0.002326 1.316990
 0.018004 -0.002381 -0.999835 0.909105
 
-0.999851 0.003647 -0.016867 1.154950
 0.003627 0.999993 0.001206 1.313130
 0.016871 0.001145 -0.999857 0.910365
 
-0.999874 0.005066 -0.015023 1.153920
 0.005000 0.999978 0.004436 1.303290
 0.015045 0.004360 -0.999877 0.907453
 
-0.999894 0.004829 -0.013758 1.151940
 0.004815 0.999988 0.001073 1.305440
 0.013763 0.001006 -0.999905 0.907468
 
-0.999922 0.003840 -0.011878 1.149200
 0.003870 0.999989 -0.002556 1.313080
 0.011868 -0.002602 -0.999926 0.910278
 
-0.999937 0.002904 -0.010888 1.146410
 0.002911 0.999996 -0.000638 1.311440
 0.010887 -0.000669 -0.999941 0.910531
 
-0.999933 0.003168 -0.011174 1.145330
 0.003171 0.999995 -0.000323 1.310150
 0.011173 -0.000358 -0.999938 0.910256
 
-0.999941 0.002716 -0.010554 1.145680
 0.002730 0.999995 -0.001264 1.313910
 0.010551 -0.001293 -0.999944 0.912112
 
-0.999938 0.002633 -0.010855 1.146430
 0.002630 0.999997 0.000242 1.312910
 0.010855 0.000213 -0.999941 0.913474
 
-0.999940 0.003905 -0.010271 1.145990
 0.003879 0.999989 0.002513 1.308740
 0.010280 0.002473 -0.999944 0.913284
 
-0.999927 0.006014 -0.010435 1.146470
 0.005999 0.999981 0.001423 1.310100
 0.010443 0.001361 -0.999945 0.915900
 
-0.999914 0.007934 -0.010445 1.144020
 0.007919 0.999968 0.001448 1.306910
 0.010457 0.001365 -0.999944 0.915727
 
-0.999901 0.008637 -0.011064 1.143880
 0.008622 0.999962 0.001432 1.304110
 0.011076 0.001336 -0.999938 0.915361
 
-0.999842 0.009591 -0.014991 1.141330
 0.009637 0.999949 -0.002983 1.310500
 0.014961 -0.003127 -0.999883 0.919362
 
-0.999792 0.010707 -0.017344 1.139280
 0.010745 0.999940 -0.002105 1.309230
 0.017321 -0.002291 -0.999847 0.919248
 
-0.999727 0.010523 -0.020862 1.139220
 0.010602 0.999937 -0.003709 1.312240
 0.020821 -0.003929 -0.999775 0.922337
 
-0.999644 0.010371 -0.024596 1.141050
 0.010474 0.999937 -0.004057 1.312450
 0.024552 -0.004313 -0.999689 0.923283
 
-0.999568 0.010849 -0.027332 1.139980
 0.011019 0.999921 -0.006056 1.316670
 0.027264 -0.006354 -0.999608 0.925785
 
-0.999456 0.010529 -0.031268 1.141190
 0.010730 0.999923 -0.006273 1.318780
 0.031199 -0.006605 -0.999491 0.927171
 
-0.999301 0.011742 -0.035485 1.140070
 0.011983 0.999907 -0.006575 1.320810
 0.035405 -0.006996 -0.999349 0.928389
 
-0.999170 0.012540 -0.038757 1.136830
 0.012774 0.999902 -0.005794 1.319860
 0.038681 -0.006284 -0.999232 0.928839
 
-0.999017 0.013655 -0.042178 1.132050
 0.013892 0.999889 -0.005332 1.318710
 0.042101 -0.005913 -0.999096 0.930344
 
-0.998750 0.015142 -0.047633 1.131750
 0.015305 0.999878 -0.003057 1.315440
 0.047581 -0.003782 -0.998860 0.931464
 
-0.998445 0.017687 -0.052861 1.130490
 0.017770 0.999841 -0.001105 1.311510
 0.052833 -0.002043 -0.998601 0.931579
 
-0.997852 0.020152 -0.062333 1.122330
 0.020188 0.999796 0.000058 1.309060
 0.062322 -0.001200 -0.998055 0.934071
 
-0.997404 0.019831 -0.069217 1.123120
 0.019938 0.999801 -0.000863 1.310390
 0.069187 -0.002241 -0.997601 0.935657
 
-0.996923 0.019301 -0.075970 1.122750
 0.019427 0.999811 -0.000929 1.312800
 0.075938 -0.002402 -0.997110 0.939092
 
-0.996392 0.019141 -0.082684 1.120250
 0.019224 0.999815 -0.000210 1.313800
 0.082665 -0.001799 -0.996576 0.941411
 
-0.995750 0.019012 -0.090116 1.120470
 0.019066 0.999818 0.000255 1.313690
 0.090104 -0.001465 -0.995931 0.941645
 
-0.995094 0.019804 -0.096927 1.119680
 0.019861 0.999803 0.000379 1.312970
 0.096916 -0.001548 -0.995291 0.942604
 
-0.994447 0.022417 -0.102819 1.116700
 0.022465 0.999747 0.000691 1.312680
 0.102808 -0.001623 -0.994700 0.943508
 
-0.992963 0.025525 -0.115639 1.111180
 0.025314 0.999674 0.003291 1.310950
 0.115685 0.000340 -0.993286 0.944253
 
-0.992103 0.026264 -0.122649 1.110830
 0.025998 0.999655 0.003777 1.311030
 0.122706 0.000558 -0.992443 0.945542
 
-0.991238 0.027412 -0.129209 1.109070
 0.027061 0.999624 0.004472 1.311200
 0.129283 0.000936 -0.991607 0.947105
 
-0.990306 0.028286 -0.135991 1.107110
 0.027818 0.999599 0.005341 1.310260
 0.136087 0.001506 -0.990696 0.947337
 
-0.989244 0.031186 -0.142909 1.105280
 0.030602 0.999512 0.006288 1.308680
 0.143035 0.001847 -0.989716 0.948532
 
-0.988199 0.033502 -0.149465 1.103880
 0.032784 0.999436 0.007264 1.307860
 0.149624 0.002279 -0.988740 0.949241
 
-0.987117 0.035149 -0.156091 1.102140
 0.034046 0.999373 0.009732 1.305370
 0.156335 0.004293 -0.987695 0.949678
 
-0.985953 0.036392 -0.163009 1.100190
 0.035067 0.999324 0.011003 1.304240
 0.163299 0.005132 -0.986563 0.949508
 
-0.984751 0.038042 -0.169762 1.099040
 0.036887 0.999270 0.009951 1.306770
 0.170017 0.003537 -0.985435 0.951419
 
-0.983267 0.039116 -0.177923 1.103920
 0.037540 0.999220 0.012216 1.304380
 0.178262 0.005332 -0.983969 0.953333
 
-0.981831 0.040664 -0.185347 1.104740
 0.038573 0.999145 0.014872 1.299870
 0.185793 0.007453 -0.982561 0.952412
 
-0.980442 0.041350 -0.192416 1.104550
 0.039559 0.999131 0.013140 1.302190
 0.192792 0.005272 -0.981225 0.952659
 
-0.979096 0.041833 -0.199049 1.104200
 0.040320 0.999119 0.011655 1.306690
 0.199361 0.003386 -0.979920 0.954991
 
-0.977421 0.043652 -0.206744 1.103980
 0.041745 0.999036 0.013578 1.305300
 0.207137 0.004641 -0.978301 0.954550
 
-0.975810 0.044989 -0.213942 1.103120
 0.042814 0.998974 0.014790 1.303000
 0.214388 0.005272 -0.976734 0.954506
 
-0.974255 0.046387 -0.220624 1.101690
 0.044284 0.998914 0.014471 1.303830
 0.221056 0.004328 -0.975252 0.955437
 
-0.972555 0.047940 -0.227680 1.101380
 0.045882 0.998844 0.014326 1.306600
 0.228104 0.003487 -0.973631 0.957754
 
-0.970768 0.051286 -0.234478 1.097750
 0.048693 0.998672 0.016842 1.305040
 0.235030 0.004932 -0.971976 0.957255
 
-0.968937 0.054613 -0.241202 1.094010
 0.051677 0.998493 0.018485 1.302270
 0.241848 0.005447 -0.970299 0.958050
 
-0.967021 0.056535 -0.248344 1.090710
 0.053971 0.998396 0.017126 1.306680
 0.248914 0.003158 -0.968521 0.960720
 
-0.964694 0.057760 -0.256961 1.091000
 0.055145 0.998327 0.017379 1.309270
 0.257535 0.002595 -0.966265 0.962138
 
-0.962468 0.060033 -0.264672 1.089030
 0.057030 0.998191 0.019022 1.308020
 0.265335 0.003214 -0.964151 0.961621
 
-0.960726 0.062086 -0.270465 1.082650
 0.058929 0.998066 0.019785 1.306560
 0.271170 0.003070 -0.962526 0.961814
 
-0.958616 0.062721 -0.277706 1.080310
 0.059977 0.998031 0.018373 1.310770
 0.278312 0.000957 -0.960490 0.965773
 
-0.956100 0.064200 -0.285921 1.079330
 0.060924 0.997935 0.020348 1.309640
 0.286637 0.002036 -0.958037 0.965639
 
-0.953592 0.064056 -0.294209 1.082190
 0.061001 0.997946 0.019559 1.314230
 0.294858 0.000704 -0.955541 0.967415
 
-0.951296 0.066384 -0.301047 1.082030
 0.062636 0.997792 0.022099 1.315690
 0.301849 0.002166 -0.953353 0.969232
 
-0.949142 0.069283 -0.307130 1.076890
 0.064876 0.997591 0.024549 1.318280
 0.308091 0.003375 -0.951351 0.969685
 
-0.946538 0.071489 -0.314571 1.075460
 0.066375 0.997431 0.026955 1.317600
 0.315690 0.004634 -0.948851 0.970894
 
-0.944185 0.074111 -0.320972 1.072890
 0.068278 0.997233 0.029408 1.316180
 0.322263 0.005852 -0.946632 0.971630
 
-0.941982 0.076681 -0.326786 1.070360
 0.070222 0.997033 0.031538 1.315530
 0.328235 0.006761 -0.944572 0.973422
 
-0.939621 0.078761 -0.333030 1.068700
 0.071915 0.996870 0.032855 1.315800
 0.334575 0.006921 -0.942344 0.974348
 
-0.937282 0.081281 -0.338962 1.066130
 0.074009 0.996666 0.034348 1.313270
 0.340624 0.007107 -0.940173 0.976651
 
-0.934563 0.084611 -0.345591 1.064310
 0.077096 0.996393 0.035460 1.313480
 0.347345 0.006496 -0.937715 0.979729
 
-0.932150 0.087245 -0.351403 1.058780
 0.079109 0.996161 0.037474 1.313540
 0.353324 0.007133 -0.935474 0.981295
 
-0.929214 0.089536 -0.358532 1.055380
 0.080694 0.995953 0.039583 1.312040
 0.360625 0.007849 -0.932678 0.983090
 
-0.925967 0.091730 -0.366294 1.052580
 0.082512 0.995755 0.040780 1.311410
 0.368480 0.007537 -0.929605 0.984173
 
-0.923080 0.092113 -0.373414 1.049580
 0.083153 0.995731 0.040071 1.313860
 0.375511 0.005938 -0.926799 0.987784
 
-0.919870 0.094383 -0.380698 1.045870
 0.084850 0.995517 0.041787 1.312440
 0.382935 0.006136 -0.923755 0.988350
 
-0.916857 0.095489 -0.387628 1.042070
 0.085778 0.995415 0.042320 1.312840
 0.389892 0.005551 -0.920844 0.991299
 
-0.913629 0.096470 -0.394937 1.036550
 0.086381 0.995321 0.043294 1.314250
 0.397265 0.005439 -0.917688 0.993019
 
-0.910125 0.097122 -0.402789 1.032520
 0.086632 0.995258 0.044230 1.315730
 0.405175 0.005360 -0.914223 0.995423
 
-0.906404 0.098628 -0.410736 1.030700
 0.087212 0.995104 0.046490 1.315920
 0.413310 0.006317 -0.910568 0.997602
 
-0.903634 0.099988 -0.416471 1.024520
 0.087286 0.994953 0.049484 1.316250
 0.419317 0.008364 -0.907801 1.000520
 
-0.901325 0.100923 -0.421222 1.014000
 0.086928 0.994838 0.052351 1.312920
 0.424331 0.010569 -0.905445 1.000820
 
-0.898499 0.098826 -0.427706 1.011480
 0.084627 0.995048 0.052137 1.310650
 0.430740 0.010650 -0.902413 1.003190
 
-0.895683 0.097007 -0.433984 1.009340
 0.082976 0.995235 0.051210 1.311340
 0.436884 0.009858 -0.899464 1.006120
 
-0.893026 0.096402 -0.439557 1.003950
 0.081919 0.995289 0.051854 1.308520
 0.442485 0.010299 -0.896717 1.006920
 
-0.889670 0.097108 -0.446158 1.000990
 0.082908 0.995236 0.051293 1.308160
 0.449014 0.008644 -0.893483 1.008170
 
-0.886668 0.097442 -0.452023 0.998054
 0.083086 0.995208 0.051557 1.308020
 0.454881 0.008157 -0.890515 1.009780
 
-0.883834 0.099842 -0.457022 0.991773
 0.085315 0.994977 0.052374 1.307720
 0.459955 0.007299 -0.887912 1.010860
 
-0.881531 0.103089 -0.460734 0.982461
 0.088307 0.994651 0.053592 1.304870
 0.463794 0.006557 -0.885919 1.011030
 
-0.879144 0.105099 -0.464822 0.974367
 0.090288 0.994446 0.054084 1.300850
 0.467925 0.005580 -0.883751 1.012670
 
-0.876789 0.103716 -0.469557 0.966055
 0.089718 0.994600 0.052160 1.301640
 0.472431 0.003606 -0.881360 1.015420
 
-0.873320 0.102952 -0.476144 0.960023
 0.089499 0.994685 0.050916 1.301620
 0.478855 0.001851 -0.877892 1.018020
 
-0.870170 0.101340 -0.482219 0.952580
 0.088288 0.994852 0.049755 1.302930
 0.484778 0.000721 -0.874637 1.020160
 
-0.867480 0.101964 -0.486910 0.944795
 0.088182 0.994787 0.051213 1.301350
 0.489594 0.001489 -0.871949 1.023430
 
-0.865215 0.101793 -0.490960 0.936319
 0.087667 0.994804 0.051763 1.301260
 0.493678 0.001745 -0.869643 1.024430
 
-0.863184 0.099533 -0.494981 0.928127
 0.085558 0.995033 0.050882 1.301920
 0.497587 0.001571 -0.867413 1.026520
 
-0.860638 0.099239 -0.499454 0.920570
 0.084816 0.995062 0.051562 1.301440
 0.502104 0.002014 -0.864805 1.027090
 
-0.859044 0.098059 -0.502421 0.911981
 0.083149 0.995176 0.052063 1.299300
 0.505103 0.002948 -0.863054 1.028600
 
-0.857341 0.095735 -0.505768 0.907381
 0.081068 0.995403 0.050997 1.299980
 0.508325 0.002721 -0.861161 1.030750
 
-0.856329 0.095934 -0.507442 0.899281
 0.080268 0.995378 0.052725 1.296580
 0.510155 0.004419 -0.860071 1.030160
 
-0.856188 0.095735 -0.507718 0.888899
 0.079721 0.995394 0.053253 1.293940
 0.510477 0.005119 -0.859876 1.031110
 
-0.855365 0.094133 -0.509402 0.882289
 0.078278 0.995547 0.052527 1.292660
 0.512078 0.005054 -0.858924 1.031490
 
-0.855167 0.091669 -0.510182 0.875357
 0.076325 0.995779 0.050984 1.294530
 0.512702 0.004660 -0.858554 1.034190
 
-0.854655 0.091116 -0.511138 0.867510
 0.075731 0.995829 0.050891 1.295420
 0.513643 0.004786 -0.857991 1.035560
 
-0.854599 0.090050 -0.511421 0.858897
 0.074693 0.995925 0.050547 1.295240
 0.513889 0.004998 -0.857842 1.037520
 
-0.854484 0.091489 -0.511358 0.841911
 0.074880 0.995781 0.053034 1.295560
 0.514053 0.007026 -0.857730 1.040420
 
-0.855199 0.093586 -0.509780 0.829874
 0.076261 0.995579 0.054835 1.294460
 0.512658 0.008019 -0.858555 1.041440
 
-0.855270 0.093590 -0.509660 0.820101
 0.076636 0.995584 0.054218 1.295300
 0.512484 0.007313 -0.858666 1.043360
 
-0.854744 0.094308 -0.510411 0.814320
 0.077917 0.995525 0.053460 1.299510
 0.513169 0.005924 -0.858267 1.046220
 
-0.855098 0.094871 -0.509713 0.805357
 0.077443 0.995458 0.055363 1.300170
 0.512651 0.007867 -0.858561 1.047040
 
-0.855010 0.096397 -0.509574 0.794512
 0.077936 0.995298 0.057515 1.300170
 0.512722 0.009462 -0.858502 1.048160
 
-0.854271 0.097901 -0.510526 0.784518
 0.078766 0.995144 0.059033 1.302120
 0.513826 0.010218 -0.857834 1.049680
 
-0.852846 0.098743 -0.512742 0.776657
 0.078937 0.995052 0.060328 1.305130
 0.516162 0.010976 -0.856421 1.051450
 
-0.851065 0.101369 -0.515182 0.769251
 0.080126 0.994768 0.063369 1.307620
 0.518910 0.012652 -0.854735 1.052750
 
-0.849567 0.105016 -0.516921 0.760062
 0.081090 0.994334 0.068733 1.307600
 0.521210 0.016476 -0.853269 1.053300
 
-0.848442 0.109060 -0.517930 0.745968
 0.083040 0.993851 0.073242 1.306850
 0.522733 0.019133 -0.852282 1.051710
 
-0.847279 0.109759 -0.519683 0.734701
 0.082691 0.993744 0.075065 1.304960
 0.524671 0.020628 -0.851055 1.050540
 
-0.845310 0.108213 -0.523202 0.726216
 0.080938 0.993908 0.074801 1.306320
 0.528109 0.020883 -0.848920 1.052250
 
-0.842811 0.107203 -0.527425 0.717246
 0.078451 0.993966 0.076668 1.305790
 0.532461 0.023239 -0.846135 1.052940
 
-0.840197 0.108122 -0.531393 0.705927
 0.077818 0.993819 0.079172 1.303290
 0.536669 0.025169 -0.843418 1.051180
 
-0.836689 0.107632 -0.536998 0.699482
 0.077279 0.993891 0.078801 1.301820
 0.542199 0.024433 -0.839895 1.048060
 
-0.833187 0.105982 -0.542740 0.695971
 0.075916 0.994092 0.077576 1.302200
 0.547755 0.023433 -0.836310 1.046710
 
-0.831258 0.107481 -0.545398 0.686634
 0.076309 0.993905 0.079563 1.302090
 0.550625 0.024519 -0.834393 1.045200
 
-0.829631 0.108480 -0.547672 0.676432
 0.076523 0.993778 0.080924 1.302220
 0.553043 0.025227 -0.832771 1.043250
 
-0.827803 0.110282 -0.550073 0.664559
 0.077550 0.993570 0.082492 1.300830
 0.555633 0.025629 -0.831032 1.040130
 
-0.825675 0.111140 -0.553090 0.653392
 0.079152 0.993527 0.081481 1.299470
 0.558566 0.023499 -0.829127 1.036820
 
-0.823197 0.109926 -0.557013 0.646683
 0.079052 0.993713 0.079280 1.298640
 0.562226 0.021230 -0.826711 1.034510
 
-0.821389 0.106508 -0.560336 0.639930
 0.076308 0.994099 0.077099 1.299560
 0.565241 0.020570 -0.824669 1.031530
 
-0.820185 0.105601 -0.562268 0.629119
 0.075297 0.994193 0.076885 1.298990
 0.567122 0.020723 -0.823373 1.027950
 
-0.819006 0.105171 -0.564064 0.618485
 0.075361 0.994259 0.075959 1.298000
 0.568814 0.019702 -0.822230 1.023740
 
-0.817689 0.101550 -0.566633 0.609766
 0.072175 0.994635 0.074102 1.298490
 0.571118 0.019695 -0.820632 1.021280
 
-0.816024 0.100124 -0.569281 0.599978
 0.068962 0.994713 0.076095 1.297370
 0.573890 0.022837 -0.818614 1.018050
 
-0.814966 0.103765 -0.570144 0.585764
 0.070971 0.994304 0.079515 1.289730
 0.575147 0.024338 -0.817688 1.012100
 
-0.813895 0.100892 -0.572185 0.580549
 0.070296 0.994673 0.075397 1.285740
 0.576744 0.021143 -0.816651 1.008390
 
-0.813664 0.096521 -0.573266 0.576806
 0.067645 0.995141 0.071541 1.286980
 0.577386 0.019431 -0.816240 1.005670
 
-0.814363 0.096395 -0.572295 0.567861
 0.067418 0.995146 0.071684 1.286230
 0.576427 0.019794 -0.816909 1.000890
 
-0.814758 0.096857 -0.571654 0.559388
 0.068174 0.995112 0.071439 1.284910
 0.575779 0.019234 -0.817379 0.995925
 
-0.815574 0.096371 -0.570571 0.550623
 0.068202 0.995171 0.070598 1.284010
 0.574619 0.018664 -0.818208 0.991281
 
-0.816629 0.095235 -0.569252 0.539579
 0.067774 0.995292 0.069284 1.283590
 0.573171 0.017999 -0.819238 0.986336
 
-0.816689 0.093745 -0.569413 0.530484
 0.066757 0.995440 0.068136 1.281520
 0.573204 0.017634 -0.819223 0.981244
 
-0.816646 0.090825 -0.569948 0.524374
 0.064343 0.995711 0.066480 1.281570
 0.573542 0.017618 -0.818987 0.976947
 
-0.817021 0.090331 -0.569489 0.516309
 0.063034 0.995726 0.067508 1.281070
 0.573153 0.019258 -0.819222 0.971829
 
-0.817317 0.091316 -0.568906 0.506438
 0.063488 0.995622 0.068598 1.279470
 0.572679 0.019948 -0.819537 0.965857
 
-0.818288 0.091027 -0.567555 0.496937
 0.063491 0.995653 0.068147 1.275500
 0.571291 0.019729 -0.820510 0.959963
 
-0.818494 0.087500 -0.567813 0.492558
 0.061199 0.995990 0.065265 1.275920
 0.571247 0.018670 -0.820566 0.955370
 
-0.819183 0.086853 -0.566917 0.486656
 0.060513 0.996039 0.065156 1.276540
 0.570330 0.019069 -0.821194 0.951138
 
-0.820503 0.089741 -0.564554 0.478642
 0.062109 0.995749 0.068016 1.273220
 0.568258 0.020744 -0.822589 0.945284
 
-0.821994 0.091561 -0.562087 0.470688
 0.063754 0.995581 0.068942 1.271120
 0.565916 0.020835 -0.824200 0.940771
 
-0.823362 0.093631 -0.559739 0.457290
 0.066157 0.995407 0.069193 1.271530
 0.563647 0.019940 -0.825775 0.931960
 
-0.823828 0.096087 -0.558636 0.449389
 0.069135 0.995203 0.069224 1.270470
 0.562608 0.018407 -0.826519 0.926772
 
-0.823850 0.095457 -0.558712 0.443103
 0.069154 0.995281 0.068076 1.268810
 0.562574 0.017447 -0.826563 0.921863
 
-0.824196 0.093302 -0.558566 0.438716
 0.067552 0.995490 0.066608 1.268930
 0.562262 0.017166 -0.826781 0.917745
 
-0.825692 0.091151 -0.556709 0.429896
 0.064861 0.995655 0.066820 1.267460
 0.560380 0.019064 -0.828016 0.912337
 
-0.826027 0.088461 -0.556646 0.423129
 0.062688 0.995899 0.065241 1.266230
 0.560134 0.018995 -0.828184 0.906445
 
-0.826579 0.085750 -0.556250 0.418403
 0.060626 0.996140 0.063472 1.265320
 0.559546 0.018741 -0.828587 0.900778
 
-0.828118 0.082600 -0.554435 0.410894
 0.057507 0.996384 0.062549 1.263220
 0.557597 0.019914 -0.829873 0.894120
 
-0.830524 0.077813 -0.551520 0.397263
 0.054225 0.996785 0.058979 1.259340
 0.554336 0.019077 -0.832074 0.880027
 
-0.831651 0.074256 -0.550312 0.392990
 0.051673 0.997067 0.056449 1.257120
 0.552890 0.018510 -0.833049 0.873372
 
-0.833650 0.072775 -0.547478 0.387693
 0.050833 0.997183 0.055150 1.254690
 0.549949 0.018146 -0.835001 0.865784
 
-0.836679 0.069838 -0.543222 0.380951
 0.048980 0.997404 0.052789 1.253970
 0.545498 0.017561 -0.837928 0.857911
 
-0.839703 0.066907 -0.538908 0.372983
 0.046952 0.997610 0.050697 1.254110
 0.541012 0.017267 -0.840838 0.850028
 
-0.842362 0.064409 -0.535050 0.364192
 0.044847 0.997767 0.049504 1.251190
 0.537043 0.017705 -0.843369 0.841365
 
-0.844993 0.061036 -0.531282 0.356022
 0.042132 0.997976 0.047641 1.247230
 0.533114 0.017872 -0.845854 0.832482
 
-0.847459 0.056082 -0.527890 0.351501
 0.038823 0.998289 0.043732 1.245370
 0.529439 0.016566 -0.848186 0.824402
 
-0.850664 0.053529 -0.522978 0.344217
 0.036951 0.998430 0.042089 1.242930
 0.524410 0.016479 -0.851306 0.815795
 
-0.853916 0.051847 -0.517821 0.335253
 0.035524 0.998511 0.041397 1.238300
 0.519196 0.016954 -0.854487 0.805358
 
-0.856791 0.048509 -0.513377 0.329340
 0.033342 0.998694 0.038721 1.237000
 0.514585 0.016058 -0.857289 0.797253
 
-0.859467 0.048404 -0.508895 0.319787
 0.033128 0.998688 0.039042 1.234080
 0.510117 0.016696 -0.859943 0.787187
 
-0.861617 0.047511 -0.505331 0.311496
 0.033729 0.998768 0.036394 1.231380
 0.506438 0.014313 -0.862158 0.777080
 
-0.863363 0.046008 -0.502482 0.307468
 0.034413 0.998885 0.032332 1.231430
 0.503409 0.010622 -0.863983 0.769974
 
-0.865683 0.047574 -0.498327 0.298883
 0.035852 0.998810 0.033072 1.229140
 0.499307 0.010764 -0.866358 0.760381
 
-0.867963 0.048495 -0.494256 0.288925
 0.036827 0.998766 0.033324 1.225370
 0.495262 0.010722 -0.868677 0.750121
 
-0.869468 0.047551 -0.491696 0.281914
 0.037214 0.998833 0.030791 1.222830
 0.492586 0.008474 -0.870222 0.740295
 
-0.871127 0.042609 -0.489206 0.276983
 0.034252 0.999074 0.026025 1.223030
 0.489862 0.005915 -0.871780 0.732249
 
-0.872651 0.038867 -0.486796 0.272506
 0.030976 0.999226 0.024252 1.223000
 0.487362 0.006085 -0.873179 0.724511
 
-0.874618 0.038902 -0.483250 0.266294
 0.030174 0.999211 0.025827 1.220430
 0.483874 0.008007 -0.875101 0.715444
 
-0.877442 0.037574 -0.478208 0.259770
 0.029094 0.999261 0.025132 1.219130
 0.478799 0.008139 -0.877887 0.706495
 
-0.879907 0.037019 -0.473702 0.255787
 0.029137 0.999288 0.023970 1.218360
 0.474252 0.007289 -0.880359 0.697726
 
-0.883291 0.036457 -0.467406 0.249777
 0.028680 0.999307 0.023745 1.216510
 0.467947 0.007568 -0.883724 0.689258
 
-0.886715 0.036176 -0.460900 0.244320
 0.028571 0.999316 0.023469 1.214300
 0.461434 0.007642 -0.887142 0.679994
 
-0.890053 0.034356 -0.454560 0.238643
 0.027626 0.999388 0.021442 1.213660
 0.455019 0.006527 -0.890458 0.672580
 
-0.892881 0.032851 -0.449093 0.234763
 0.026693 0.999443 0.020037 1.214120
 0.449501 0.005903 -0.893260 0.666548
 
-0.895426 0.032543 -0.444019 0.229109
 0.025985 0.999445 0.020850 1.212510
 0.444451 0.007132 -0.895775 0.657301
 
-0.897833 0.030266 -0.439294 0.223987
 0.024175 0.999518 0.019454 1.211480
 0.439671 0.006847 -0.898133 0.650109
 
-0.899755 0.029502 -0.435397 0.219717
 0.023998 0.999547 0.018136 1.210560
 0.435735 0.005870 -0.900056 0.643511
 
-0.901669 0.028767 -0.431470 0.216449
 0.023754 0.999573 0.017003 1.210720
 0.431775 0.005082 -0.901967 0.637190
 
-0.903771 0.029941 -0.426968 0.211117
 0.025157 0.999542 0.016844 1.209950
 0.427277 0.004482 -0.904110 0.629255
 
-0.905313 0.028726 -0.423773 0.207158
 0.024077 0.999577 0.016322 1.208060
 0.424063 0.004573 -0.905621 0.621113
 
-0.906349 0.028092 -0.421594 0.204204
 0.023845 0.999598 0.015344 1.206480
 0.421855 0.003855 -0.906655 0.612724
 
-0.908500 0.026547 -0.417041 0.198439
 0.024103 0.999648 0.011125 1.204580
 0.417189 0.000055 -0.908820 0.597445
 
-0.909790 0.026614 -0.414214 0.194581
 0.024178 0.999646 0.011122 1.202110
 0.414363 0.000104 -0.910112 0.588782
 
-0.911024 0.026291 -0.411515 0.189437
 0.024951 0.999651 0.008628 1.200530
 0.411598 -0.002408 -0.911362 0.570293
 
-0.911143 0.024449 -0.411364 0.188923
 0.023773 0.999695 0.006760 1.201550
 0.411404 -0.003620 -0.911446 0.561611
 
-0.911694 0.025251 -0.410092 0.186115
 0.024263 0.999677 0.007615 1.200740
 0.410152 -0.003008 -0.912012 0.551480
 
-0.912327 0.024876 -0.408706 0.183822
 0.024177 0.999684 0.006878 1.200070
 0.408748 -0.003607 -0.912640 0.540568
 
-0.912469 0.022944 -0.408502 0.183475
 0.022875 0.999726 0.005056 1.200940
 0.408506 -0.004731 -0.912743 0.530524
 
-0.912540 0.022251 -0.408381 0.181115
 0.021927 0.999745 0.005475 1.200070
 0.408399 -0.003958 -0.912795 0.519607
 
-0.912080 0.021419 -0.409452 0.178481
 0.021709 0.999757 0.003941 1.200230
 0.409437 -0.005294 -0.912323 0.508146
 
-0.910758 0.020574 -0.412427 0.178517
 0.021513 0.999766 0.002366 1.199870
 0.412379 -0.006718 -0.910988 0.497824
 
-0.909346 0.020047 -0.415558 0.178440
 0.021361 0.999771 0.001488 1.199580
 0.415492 -0.007523 -0.909566 0.487152
 
-0.908058 0.021272 -0.418304 0.178073
 0.022196 0.999750 0.002657 1.198150
 0.418256 -0.006872 -0.908303 0.476465
 
-0.906941 0.024363 -0.420552 0.176705
 0.024772 0.999683 0.004491 1.196330
 0.420528 -0.006345 -0.907257 0.464758
 
-0.905750 0.027176 -0.422941 0.175798
 0.027108 0.999613 0.006178 1.194190
 0.422945 -0.005869 -0.906136 0.452593
 
-0.904914 0.028802 -0.424618 0.174647
 0.028800 0.999565 0.006425 1.191820
 0.424618 -0.006415 -0.905350 0.439812
 
-0.904237 0.030765 -0.425921 0.174720
 0.031065 0.999498 0.006244 1.188750
 0.425899 -0.007586 -0.904739 0.428065
 
-0.904145 0.031888 -0.426034 0.174325
 0.032857 0.999447 0.005077 1.187220
 0.425960 -0.009408 -0.904693 0.416420
 
-0.904020 0.032390 -0.426261 0.173394
 0.033543 0.999426 0.004804 1.185680
 0.426172 -0.009955 -0.904587 0.404352
 
-0.903074 0.033804 -0.428152 0.172689
 0.035508 0.999361 0.004008 1.183540
 0.428014 -0.011583 -0.903698 0.391991
 
-0.901558 0.034710 -0.431263 0.173361
 0.037228 0.999303 0.002603 1.181800
 0.431053 -0.013708 -0.902222 0.379607
 
-0.899840 0.035506 -0.434773 0.174374
 0.038772 0.999247 0.001358 1.179830
 0.434494 -0.015635 -0.900539 0.368061
 
-0.898345 0.036962 -0.437733 0.174864
 0.040573 0.999176 0.001102 1.177620
 0.437413 -0.016770 -0.899104 0.356734
 
-0.897156 0.038008 -0.440076 0.174444
 0.041481 0.999138 0.001729 1.174410
 0.439762 -0.016703 -0.897959 0.344592
 
-0.896268 0.036538 -0.442005 0.173518
 0.040774 0.999168 -0.000084 1.172160
 0.441634 -0.018097 -0.897013 0.332265
 
-0.894782 0.034467 -0.445170 0.174413
 0.040089 0.999191 -0.003216 1.170560
 0.444699 -0.020724 -0.895440 0.321353
 
-0.892834 0.032487 -0.449212 0.175851
 0.038998 0.999226 -0.005246 1.169070
 0.448694 -0.022202 -0.893410 0.310651
 
-0.890798 0.030776 -0.453356 0.178390
 0.038025 0.999253 -0.006882 1.168040
 0.452806 -0.023370 -0.891303 0.300270
 
-0.888980 0.029906 -0.456968 0.181507
 0.037242 0.999281 -0.007052 1.167730
 0.456429 -0.023288 -0.889455 0.290624
 
-0.888083 0.030733 -0.458654 0.180900
 0.037254 0.999292 -0.005176 1.165390
 0.458170 -0.021683 -0.888600 0.278554
 
-0.887243 0.029584 -0.460353 0.182264
 0.036573 0.999311 -0.006268 1.164690
 0.459850 -0.022398 -0.887714 0.267781
 
-0.886423 0.029566 -0.461931 0.184806
 0.036754 0.999303 -0.006570 1.164720
 0.461414 -0.022802 -0.886892 0.258158
 
-0.886062 0.030677 -0.462550 0.186240
 0.037015 0.999304 -0.004631 1.164130
 0.462086 -0.021225 -0.886581 0.247709
 
-0.886620 0.032298 -0.461370 0.186252
 0.037645 0.999288 -0.002390 1.162450
 0.460964 -0.019487 -0.887205 0.236370
 
-0.888497 0.033131 -0.457685 0.184730
 0.037839 0.999283 -0.001120 1.160170
 0.457320 -0.018314 -0.889114 0.214511
 
-0.888745 0.032885 -0.457221 0.184275
 0.037812 0.999284 -0.001627 1.158010
 0.456840 -0.018735 -0.889352 0.203798
 
-0.888375 0.033582 -0.457889 0.186515
 0.038702 0.999249 -0.001801 1.156450
 0.457485 -0.019322 -0.889008 0.194694
 
-0.888779 0.036728 -0.456863 0.186041
 0.041480 0.999139 -0.000371 1.154660
 0.456456 -0.019281 -0.889537 0.183553
 
-0.889690 0.038270 -0.454958 0.185109
 0.043492 0.999053 -0.001012 1.153310
 0.454489 -0.020687 -0.890512 0.173366
 
-0.890471 0.037305 -0.453509 0.185385
 0.041521 0.999137 0.000661 1.151960
 0.453142 -0.018242 -0.891252 0.154691
 
-0.891535 0.036556 -0.451474 0.184454
 0.039848 0.999203 0.002217 1.149490
 0.451196 -0.016014 -0.892281 0.142735
 
-0.893435 0.034185 -0.447889 0.183435
 0.037993 0.999278 0.000484 1.146920
 0.447582 -0.016584 -0.894089 0.130709
 
-0.895290 0.031626 -0.444360 0.184136
 0.036648 0.999325 -0.002715 1.144240
 0.443974 -0.018716 -0.895844 0.119915
 
-0.897620 0.028875 -0.439824 0.184012
 0.035705 0.999336 -0.007262 1.142990
 0.439322 -0.022222 -0.898055 0.109112
 
-0.899846 0.026574 -0.435398 0.182326
 0.035161 0.999313 -0.011675 1.142270
 0.434789 -0.025815 -0.900162 0.099626
 
-0.901141 0.023467 -0.432891 0.181323
 0.032766 0.999365 -0.014031 1.139680
 0.432287 -0.026828 -0.901337 0.088596
 
-0.902073 0.021268 -0.431059 0.180323
 0.031212 0.999385 -0.016007 1.138040
 0.430453 -0.027894 -0.902182 0.077815
 
-0.903023 0.018614 -0.429188 0.178257
 0.028625 0.999448 -0.016882 1.135820
 0.428637 -0.027530 -0.903057 0.067099
 
-0.903063 0.016686 -0.429185 0.178328
 0.026842 0.999484 -0.017621 1.134950
 0.428670 -0.027434 -0.903045 0.057557
 
-0.902737 0.017123 -0.429852 0.179865
 0.026099 0.999547 -0.014995 1.133420
 0.429400 -0.024755 -0.902775 0.047771
 
-0.903242 0.020589 -0.428637 0.178384
 0.027454 0.999575 -0.009840 1.130950
 0.428252 -0.020656 -0.903423 0.035646
 
-0.904326 0.021908 -0.426280 0.175118
 0.027293 0.999606 -0.006528 1.128500
 0.425969 -0.017538 -0.904568 0.022055
 
-0.905311 0.022177 -0.424171 0.173490
 0.027114 0.999617 -0.005605 1.124770
 0.423884 -0.016575 -0.905565 0.010045
 
-0.906275 0.021135 -0.422160 0.173326
 0.026256 0.999635 -0.006320 1.124010
 0.421873 -0.016812 -0.906499 0.000420
 
-0.907255 0.021507 -0.420031 0.171418
 0.025874 0.999654 -0.004701 1.121230
 0.419784 -0.015133 -0.907498 -0.011248
 
-0.907900 0.021738 -0.418622 0.170965
 0.026230 0.999644 -0.004977 1.118570
 0.418365 -0.015499 -0.908147 -0.022932
 
-0.908721 0.023123 -0.416763 0.170840
 0.027661 0.999606 -0.004851 1.115400
 0.416487 -0.015936 -0.909002 -0.033018
 
-0.909726 0.022949 -0.414575 0.169172
 0.027556 0.999607 -0.005134 1.114290
 0.414294 -0.016094 -0.910001 -0.043730
 
-0.910334 0.022229 -0.413277 0.168386
 0.027371 0.999604 -0.006526 1.112430
 0.412968 -0.017253 -0.910582 -0.054567
 
-0.911493 0.020905 -0.410784 0.168639
 0.026984 0.999595 -0.009006 1.111660
 0.410430 -0.019294 -0.911688 -0.063719
 
-0.913077 0.020706 -0.407262 0.167937
 0.027121 0.999582 -0.009984 1.109990
 0.406885 -0.020162 -0.913257 -0.073299
 
-0.914541 0.019888 -0.404003 0.167511
 0.026837 0.999573 -0.011546 1.108230
 0.403601 -0.021402 -0.914685 -0.082711
 
-0.916129 0.021025 -0.400332 0.166996
 0.028483 0.999514 -0.012688 1.106210
 0.399871 -0.023027 -0.916282 -0.092023
 
-0.917520 0.020560 -0.397158 0.167461
 0.028163 0.999515 -0.013318 1.104470
 0.396691 -0.023404 -0.917654 -0.101208
 
-0.918955 0.018525 -0.393928 0.168351
 0.025754 0.999583 -0.013072 1.103680
 0.393522 -0.022157 -0.919048 -0.108884
 
-0.920395 0.016185 -0.390655 0.169045
 0.022075 0.999700 -0.010591 1.101950
 0.390367 -0.018372 -0.920476 -0.117714
 
-0.921906 0.014532 -0.387142 0.168588
 0.019253 0.999780 -0.008318 1.100140
 0.386936 -0.015122 -0.921983 -0.127327
 
-0.923053 0.011764 -0.384494 0.169132
 0.015917 0.999844 -0.007619 1.099050
 0.384345 -0.013153 -0.923096 -0.135375
 
-0.923988 0.009923 -0.382292 0.171341
 0.012791 0.999906 -0.004963 1.097620
 0.382207 -0.009476 -0.924028 -0.142956
 
-0.925369 0.009866 -0.378939 0.172298
 0.011276 0.999935 -0.001502 1.095830
 0.378900 -0.005663 -0.925420 -0.152601
 
-0.927218 0.010442 -0.374377 0.171275
 0.010979 0.999939 0.000699 1.094380
 0.374362 -0.003462 -0.927276 -0.161747
 
-0.928553 0.010807 -0.371043 0.171554
 0.010770 0.999940 0.002172 1.092780
 0.371044 -0.001979 -0.928613 -0.171376
 
-0.930311 0.009506 -0.366648 0.173023
 0.009461 0.999953 0.001922 1.092330
 0.366649 -0.001680 -0.930358 -0.179329
 
-0.932104 0.008880 -0.362081 0.174268
 0.008473 0.999960 0.002711 1.091970
 0.362091 -0.000541 -0.932143 -0.186843
 
-0.933732 0.008883 -0.357862 0.173395
 0.007771 0.999959 0.004545 1.090840
 0.357888 0.001463 -0.933763 -0.195450
 
-0.934721 0.008259 -0.355286 0.174023
 0.006421 0.999959 0.006353 1.089500
 0.355324 0.003657 -0.934736 -0.204109
 
-0.935695 0.007475 -0.352731 0.174960
 0.004864 0.999954 0.008287 1.087400
 0.352777 0.006038 -0.935688 -0.213523
 
-0.936561 0.005991 -0.350454 0.176464
 0.003191 0.999958 0.008566 1.086650
 0.350491 0.006904 -0.936541 -0.222769
 
-0.937157 0.005085 -0.348872 0.178300
 0.001718 0.999949 0.009960 1.084250
 0.348905 0.008735 -0.937118 -0.231926
 
-0.937878 0.004294 -0.346940 0.180183
 0.000674 0.999944 0.010553 1.082340
 0.346966 0.009664 -0.937828 -0.241920
 
-0.938535 0.004209 -0.345158 0.182802
 0.000756 0.999948 0.010138 1.080460
 0.345183 0.009254 -0.938490 -0.251213
 
-0.938888 0.004358 -0.344195 0.186378
 0.001358 0.999959 0.008955 1.080060
 0.344220 0.007941 -0.938855 -0.260259
 
-0.939498 0.005041 -0.342517 0.187679
 0.002257 0.999961 0.008528 1.077930
 0.342547 0.007239 -0.939473 -0.270716
 
-0.939782 0.005919 -0.341723 0.190045
 0.003601 0.999966 0.007417 1.074310
 0.341755 0.005740 -0.939771 -0.280363
 
-0.939654 0.006626 -0.342062 0.193523
 0.004775 0.999969 0.006252 1.075090
 0.342093 0.004242 -0.939657 -0.288264
 
-0.939565 0.008079 -0.342275 0.193630
 0.006175 0.999959 0.006653 1.072850
 0.342315 0.004138 -0.939576 -0.299551
 
-0.938780 0.007673 -0.344432 0.198533
 0.006546 0.999969 0.004437 1.071730
 0.344455 0.001911 -0.938801 -0.308603
 
-0.938504 0.006949 -0.345197 0.203092
 0.005829 0.999974 0.004282 1.071640
 0.345218 0.002007 -0.938520 -0.317945
 
-0.938350 0.007003 -0.345617 0.205312
 0.005433 0.999970 0.005512 1.069170
 0.345645 0.003295 -0.938360 -0.328803
 
-0.938300 0.007624 -0.345739 0.207212
 0.005558 0.999960 0.006966 1.065380
 0.345778 0.004614 -0.938305 -0.338294
 
-0.937784 0.008197 -0.347122 0.210456
 0.006147 0.999957 0.007004 1.064330
 0.347164 0.004435 -0.937794 -0.347060
 
-0.937156 0.009314 -0.348785 0.213407
 0.006426 0.999935 0.009437 1.061170
 0.348850 0.006602 -0.937155 -0.356689
 
-0.936593 0.010198 -0.350271 0.218166
 0.006985 0.999921 0.010437 1.058490
 0.350350 0.007329 -0.936590 -0.367790
 
-0.936577 0.010495 -0.350306 0.222731
 0.007669 0.999926 0.009452 1.057860
 0.350379 0.006166 -0.936588 -0.376729
 
-0.937115 0.013091 -0.348775 0.221218
 0.010288 0.999898 0.009889 1.054460
 0.348869 0.005679 -0.937154 -0.387262
 
-0.936596 0.012843 -0.350175 0.223555
 0.011892 0.999917 0.004865 1.051020
 0.350208 0.000393 -0.936672 -0.396304
 
-0.935508 0.012346 -0.353089 0.230467
 0.012978 0.999916 0.000579 1.050070
 0.353066 -0.004040 -0.935590 -0.403198
 
-0.935176 0.012660 -0.353958 0.235905
 0.013967 0.999902 -0.001138 1.051460
 0.353909 -0.006008 -0.935261 -0.410563
 
-0.935400 0.012236 -0.353381 0.238550
 0.013000 0.999915 0.000211 1.050600
 0.353354 -0.004397 -0.935480 -0.419500
 
-0.935659 0.012011 -0.352700 0.240782
 0.012414 0.999922 0.001119 1.048090
 0.352686 -0.003331 -0.935736 -0.427937
 
-0.935740 0.011499 -0.352503 0.243663
 0.012190 0.999926 0.000259 1.047530
 0.352480 -0.004055 -0.935811 -0.435733
 
-0.936121 0.011547 -0.351488 0.245230
 0.011867 0.999929 0.001242 1.045370
 0.351477 -0.003009 -0.936192 -0.442291
 
-0.936102 0.009876 -0.351590 0.249084
 0.010080 0.999948 0.001249 1.046190
 0.351584 -0.002375 -0.936153 -0.448871
 
-0.936746 0.008328 -0.349910 0.250203
 0.007520 0.999965 0.003667 1.045510
 0.349928 0.000804 -0.936776 -0.456688
 
-0.937384 0.004961 -0.348261 0.252470
 0.003415 0.999981 0.005054 1.045110
 0.348280 0.003548 -0.937384 -0.464497
 
-0.937856 0.001047 -0.347023 0.256597
 -0.001509 0.999974 0.007095 1.045230
 0.347021 0.007178 -0.937830 -0.471847
 
-0.939149 -0.001541 -0.343507 0.259271
 -0.005480 0.999930 0.010497 1.045580
 0.343467 0.011741 -0.939091 -0.480746
 
-0.940865 -0.002903 -0.338769 0.260932
 -0.007824 0.999883 0.013162 1.045910
 0.338691 0.015034 -0.940778 -0.488909
 
-0.942542 -0.004143 -0.334063 0.262497
 -0.010321 0.999807 0.016721 1.046510
 0.333929 0.019208 -0.942402 -0.496582
 
-0.944245 -0.004707 -0.329209 0.263184
 -0.012452 0.999693 0.021421 1.045820
 0.329007 0.024326 -0.944014 -0.506195
 
-0.945957 -0.005135 -0.324251 0.263622
 -0.013654 0.999619 0.024005 1.045500
 0.324004 0.027135 -0.945666 -0.514850
 
-0.947537 -0.005760 -0.319593 0.265474
 -0.014946 0.999542 0.026298 1.046200
 0.319295 0.029695 -0.947190 -0.522447
 
-0.949320 -0.006087 -0.314252 0.266364
 -0.016525 0.999396 0.030561 1.045310
 0.313876 0.034205 -0.948848 -0.532074
 
-0.950999 -0.005692 -0.309143 0.267103
 -0.016482 0.999342 0.032301 1.044370
 0.308756 0.035814 -0.950467 -0.541754
 
-0.952779 -0.005755 -0.303609 0.269570
 -0.016841 0.999283 0.033909 1.043350
 0.303196 0.037421 -0.952193 -0.550672
 
-0.955015 -0.006485 -0.296488 0.271355
 -0.017917 0.999196 0.035857 1.041530
 0.296017 0.039556 -0.954363 -0.560303
 
-0.957248 -0.008505 -0.289144 0.272143
 -0.019770 0.999154 0.036061 1.040810
 0.288593 0.040236 -0.956606 -0.570065
 
-0.959374 -0.010452 -0.281945 0.273314
 -0.021419 0.999128 0.035843 1.040190
 0.281324 0.040426 -0.958761 -0.579229
 
-0.961258 -0.013596 -0.275314 0.274124
 -0.024381 0.999062 0.035787 1.037570
 0.274569 0.041113 -0.960688 -0.589267
 
-0.962865 -0.018023 -0.269382 0.275110
 -0.028056 0.999047 0.033440 1.035390
 0.268522 0.039756 -0.962453 -0.599532
 
-0.964518 -0.021587 -0.263135 0.275863
 -0.030463 0.999094 0.029701 1.036570
 0.262256 0.036663 -0.964302 -0.607244
 
-0.966260 -0.023889 -0.256460 0.276675
 -0.032520 0.999037 0.029466 1.035500
 0.255509 0.036812 -0.966106 -0.616913
 
-0.967838 -0.026039 -0.250222 0.278037
 -0.034120 0.999025 0.028011 1.034350
 0.249249 0.035648 -0.967783 -0.626166
 
-0.969372 -0.027285 -0.244078 0.279071
 -0.035319 0.998967 0.028598 1.033390
 0.243045 0.036343 -0.969334 -0.634367
 
-0.970882 -0.026966 -0.238037 0.277954
 -0.034996 0.998950 0.029571 1.033910
 0.236990 0.037041 -0.970806 -0.642351
 
-0.971769 -0.026054 -0.234491 0.278388
 -0.034687 0.998861 0.032766 1.032690
 0.233370 0.039975 -0.971566 -0.651375
 
-0.972430 -0.024525 -0.231902 0.278504
 -0.033805 0.998775 0.036128 1.031060
 0.230732 0.042971 -0.972068 -0.660373
 
-0.972881 -0.025383 -0.229909 0.280734
 -0.035006 0.998669 0.037871 1.028390
 0.228642 0.044892 -0.972475 -0.670849
 
-0.973890 -0.027806 -0.225313 0.282824
 -0.036985 0.998645 0.036618 1.027320
 0.223989 0.043995 -0.973598 -0.679931
 
-0.975351 -0.031357 -0.218419 0.284470
 -0.040116 0.998554 0.035783 1.025270
 0.216981 0.043663 -0.975199 -0.689274
 
-0.977017 -0.034540 -0.210345 0.285432
 -0.042713 0.998494 0.034435 1.022960
 0.208839 0.042628 -0.977021 -0.698271
 
-0.978629 -0.038560 -0.201987 0.286398
 -0.046018 0.998416 0.032360 1.021510
 0.200419 0.040963 -0.978853 -0.706220
 
-0.980129 -0.042253 -0.193808 0.287431
 -0.049059 0.998332 0.030448 1.021290
 0.192198 0.039351 -0.980567 -0.713195
 
-0.981536 -0.045953 -0.185676 0.287513
 -0.052521 0.998151 0.030606 1.020870
 0.183926 0.039793 -0.982134 -0.720380
 
-0.982775 -0.049293 -0.178109 0.288402
 -0.055871 0.997922 0.032106 1.020160
 0.176156 0.041504 -0.983487 -0.728574
 
-0.985323 -0.057964 -0.160559 0.291589
 -0.064164 0.997370 0.033698 1.015580
 0.158183 0.043506 -0.986451 -0.748182
 
-0.986651 -0.062593 -0.150337 0.293257
 -0.068129 0.997165 0.031957 1.014920
 0.147911 0.041772 -0.988118 -0.756076
 
-0.987931 -0.065704 -0.140268 0.295297
 -0.070617 0.997042 0.030335 1.013930
 0.137860 0.039874 -0.989649 -0.764058
 
-0.989238 -0.068176 -0.129464 0.296409
 -0.072463 0.996958 0.028692 1.013630
 0.127114 0.037765 -0.991169 -0.771341
 
-0.990455 -0.070642 -0.118360 0.297057
 -0.074373 0.996854 0.027397 1.013680
 0.116052 0.035938 -0.992593 -0.778093
 
-0.991610 -0.072169 -0.107247 0.297993
 -0.075514 0.996766 0.027466 1.012230
 0.104918 0.035334 -0.993853 -0.785800
 
-0.992592 -0.073954 -0.096395 0.298809
 -0.076878 0.996675 0.026979 1.010770
 0.094080 0.034190 -0.994977 -0.793322
 
-0.993383 -0.076383 -0.085771 0.299246
 -0.078839 0.996558 0.025615 1.010630
 0.083519 0.032208 -0.995986 -0.799385
 
-0.993972 -0.079643 -0.075343 0.301244
 -0.081823 0.996300 0.026305 1.007780
 0.072970 0.032311 -0.996811 -0.808148
 
-0.994410 -0.083345 -0.064831 0.303414
 -0.085020 0.996102 0.023514 1.006910
 0.062619 0.028894 -0.997619 -0.814353
 
-0.994664 -0.087695 -0.054350 0.304872
 -0.088949 0.995813 0.021098 1.007630
 0.052272 0.025819 -0.998299 -0.819494
 
-0.994683 -0.092599 -0.045063 0.308227
 -0.093629 0.995379 0.021316 1.007540
 0.042881 0.025422 -0.998757 -0.825001
 
-0.994646 -0.096983 -0.035689 0.309991
 -0.097839 0.994935 0.023061 1.005860
 0.033272 0.026429 -0.999097 -0.832626
 
-0.994451 -0.101447 -0.027858 0.314370
 -0.102108 0.994498 0.023408 1.005650
 0.025330 0.026122 -0.999338 -0.838421
 
-0.994257 -0.105231 -0.019494 0.317907
 -0.105704 0.994081 0.025080 1.004610
 0.016739 0.026997 -0.999495 -0.845771
 
-0.994040 -0.108480 -0.010800 0.321388
 -0.108730 0.993726 0.026196 1.002390
 0.007890 0.027214 -0.999598 -0.853962
 
-0.993673 -0.112305 -0.001519 0.325524
 -0.112307 0.993338 0.025806 0.998978
 -0.001390 0.025814 -0.999666 -0.862480
 
-0.993308 -0.115135 0.009134 0.329376
 -0.114902 0.993113 0.022876 0.997034
 -0.011705 0.021674 -0.999697 -0.868415
 
-0.992855 -0.117647 0.019975 0.330891
